"","v1","v2","v3","v4","v5","v6","v7","v8"
"v1",0,40,12,25,16,20,18,13
"v2",40,0,28,15,24,20,22,31
"v3",12,28,0,13,10,12,10,5
"v4",25,15,13,0,11,9,11,16
"v5",16,24,10,11,0,4,16,9
"v6",20,20,12,9,4,0,18,11
"v7",18,22,10,11,16,18,0,15
"v8",13,31,5,16,9,11,15,0
