"","v1","v2","v3","v4","v5","v6","v7","v8"
"v1",0,25.4950975679639,9.48683298050514,15.5884572681199,14.142135623731,15.556349186104,11.5758369027902,10.2469507659596
"v2",25.4950975679639,0,18.7082869338697,13.1529464379659,20.2484567313166,19.0262975904404,13.9283882771841,20.8566536146142
"v3",9.48683298050514,18.7082869338697,0,7.54983443527075,6.16441400296898,7.48331477354788,6.6332495807108,3
"v4",15.5884572681199,13.1529464379659,7.54983443527075,0,7.68114574786861,6.40312423743285,7,9.69535971483266
"v5",14.142135623731,20.2484567313166,6.16441400296898,7.68114574786861,0,2.44948974278318,11.4017542509914,5.74456264653803
"v6",15.556349186104,19.0262975904404,7.48331477354788,6.40312423743285,2.44948974278318,0,11.4891252930761,7.81024967590665
"v7",11.5758369027902,13.9283882771841,6.6332495807108,7,11.4017542509914,11.4891252930761,0,9.4339811320566
"v8",10.2469507659596,20.8566536146142,3,9.69535971483266,5.74456264653803,7.81024967590665,9.4339811320566,0
