"","v1","v2","v3","v4","v5","v6","v7","v8"
"v1",1,0,0.869318287921223,0.260623345657842,0.6,0.223606797749979,0.688023708440795,0.803326417674244
"v2",0,1,0.358568582800318,0.961523947640823,0,0.707106781186547,0.725240667622842,0.115470053837925
"v3",0.869318287921223,0.358568582800318,1,0.541785010225073,0.793725393319377,0.676123403782813,0.866828394595597,0.938489160705602
"v4",0.260623345657842,0.961523947640823,0.541785010225073,1,0.0868744485526139,0.679900103650085,0.87443754457251,0.269637539144169
"v5",0.6,0,0.793725393319377,0.0868744485526139,1,0.670820393249937,0.433200112721982,0.949385766342288
"v6",0.223606797749979,0.707106781186547,0.676123403782813,0.679900103650085,0.670820393249937,1,0.683763458757828,0.653197264742181
"v7",0.688023708440795,0.725240667622842,0.866828394595597,0.87443754457251,0.433200112721982,0.683763458757828,1,0.651338947278929
"v8",0.803326417674244,0.115470053837925,0.938489160705602,0.269637539144169,0.949385766342288,0.653197264742181,0.651338947278929,1
